oct| 00h| 01h| 02h| 03h| 04h| 05h| 06h| 07h| 08h| 09h| 10h| 11h| 12h| 13h| 14h| 15h| 16h| 17h| 18h| 19h| 20h| 21h| 22h| 23h|
1|1111|1111|1111|1111|1111|1111|1111|1111|1111|1111|1111|1111|1111|1111|1111|1111|1111|1111|1111|1111|1111|1111|1111|1111|
2|1111|1111|1111|1111|1111|1111|1111|1111|1111|1111|1111|1111|1111|1111|1111|1111|1111|1111|1111|1111|1111|1111|1111|1111|
3|1111|1111|1111|1111|1111|1111|1111|1111|1111|1111|1111|1111|1111|1111|1111|19|31|37|47|40|37|1111|1111|1111|
4|1111|1111|1111|1111|1111|1111|1111|1111|1111|1111|1111|1111|1111|1111|1111|1111|1111|1111|1111|1111|1111|1111|1111|1111|
5|1111|1111|1111|1111|1111|1111|1111|1111|1111|1111|1111|1111|1111|1111|1111|1111|1111|1111|1111|1111|1111|1111|1111|1111|
6|1111|1111|1111|1111|1111|1111|1111|1111|1111|1111|1111|1111|1111|1111|1111|1111|1111|1111|1111|1111|1111|1111|1111|1111|
7|1111|1111|1111|1111|1111|1111|1111|1111|1111|1111|1111|1111|1111|1111|1111|1111|1111|1111|1111|1111|1111|1111|1111|1111|
8|1111|1111|1111|1111|1111|1111|1111|1111|1111|1111|1111|1111|1111|1111|1111|1111|1111|1111|1111|1111|1111|1111|1111|1111|
9|1111|1111|1111|1111|1111|1111|1111|1111|1111|1111|1111|1111|1111|1111|1111|1111|1111|1111|1111|1111|1111|1111|1111|1111|
10|1111|1111|1111|1111|1111|1111|1111|1111|1111|1111|1111|1111|1111|1111|1111|1111|1111|1111|1111|1111|1111|1111|1111|1111|
11|1111|1111|1111|1111|1111|1111|1111|1111|1111|1111|1111|1111|1111|1111|1111|1111|1111|1111|1111|1111|1111|1111|1111|1111|
12|1111|1111|1111|1111|1111|1111|1111|1111|1111|1111|1111|1111|1111|1111|1111|1111|1111|1111|1111|1111|1111|1111|1111|1111|
13|1111|1111|1111|1111|1111|1111|1111|1111|1111|1111|1111|1111|1111|1111|1111|1111|1111|1111|1111|1111|1111|1111|1111|1111|
14|1111|1111|1111|1111|1111|1111|1111|1111|1111|1111|1111|1111|1111|1111|1111|1111|1111|1111|1111|1111|1111|1111|1111|1111|
15|1111|1111|1111|1111|1111|1111|1111|1111|1111|1111|1111|1111|1111|1111|1111|1111|1111|1111|1111|1111|1111|1111|1111|1111|
16|1111|1111|1111|1111|1111|1111|1111|1111|1111|1111|1111|1111|1111|1111|1111|1111|1111|1111|1111|1111|1111|1111|1111|1111|
17|1111|1111|1111|1111|1111|1111|1111|1111|1111|1111|1111|1111|1111|1111|1111|1111|1111|1111|1111|1111|1111|1111|1111|1111|
18|1111|1111|1111|1111|1111|1111|1111|1111|1111|1111|1111|1111|1111|1111|25|149|161|157|1111|100|34|12|57|68|
19|69|74|71|73|89|95|86|72|79|82|87|78|87|74|80|67|57|49|65|56|56|10|18|35|
20|60|84|72|101|96|109|100|98|80|76|69|74|69|88|1111|1111|1111|1111|1111|1111|1111|1111|1111|1111|
21|1111|1111|1111|1111|1111|1111|1111|1111|1111|1111|1111|1111|1111|1111|1111|1111|1111|1111|1111|1111|1111|1111|1111|1111|
22|1111|1111|1111|1111|1111|1111|1111|1111|1111|1111|1111|1111|1111|1111|1111|1111|1111|1111|1111|1111|1111|1111|1111|1111|
23|1111|1111|1111|1111|1111|1111|1111|1111|1111|1111|1111|1111|1111|1111|1111|1111|1111|1111|1111|1111|1111|1111|1111|1111|
24|1111|1111|1111|1111|1111|1111|1111|1111|1111|1111|1111|1111|1111|1111|1111|1111|1111|1111|1111|1111|1111|1111|1111|1111|
25|1111|1111|1111|1111|1111|1111|1111|1111|1111|1111|1111|1111|1111|1111|1111|1111|1111|1111|1111|1111|1111|1111|1111|1111|
26|1111|1111|1111|1111|1111|1111|1111|1111|1111|1111|1111|1111|1111|1111|1111|1111|1111|1111|1111|1111|1111|1111|1111|1111|
27|1111|1111|1111|1111|1111|1111|1111|1111|1111|1111|1111|1111|1111|1111|1111|1111|1111|1111|1111|1111|1111|1111|1111|1111|
28|1111|1111|1111|1111|1111|1111|1111|1111|1111|1111|1111|1111|1111|1111|1111|1111|1111|1111|1111|1111|1111|1111|1111|1111|
29|1111|1111|1111|1111|1111|1111|1111|1111|1111|1111|1111|1111|1111|1111|1111|1111|1111|1111|1111|1111|1111|1111|1111|1111|
30|1111|1111|1111|1111|1111|1111|1111|1111|1111|1111|1111|1111|1111|1111|1111|1111|1111|1111|1111|1111|1111|1111|1111|1111|
31|1111|151072788|151081484|151072828|151081580|151081548|151081652|151081692|151081732|151081772|151081812|151081620|151081852|151081524|151072860|151073132|134672372|134568242|2|-1080135580|-1080135728|-1218871308|0|0|
[Observer]--Observatory
[Country]Czech republic
[City]--City--
[Longitude]--Location-lon--
[Latitude ]--Location-lat--
[Longitude GMAP]--Location-lon--
[Latitude GMAP]--Location-lat--
[Frequencies]143 050 000 Hz
[Antenna]--Antenna--
[Azimut Antenna]-
[Elevation Antenna]-
[Pre-Amplifier]--Preamp--
[Receiver]--Reciever--
[Observing Method]Fordward scattering
[Remarks]--Computer--
[Soft FTP] Astrozor RMOBgen v0.5
[E]-
